Alice 10005 67890 750
Tom 10006 23456 1410
Eve   10007 98765 300
Chris 10008 45678 1290
Nina  10009 34567 650
Jake  10010 76543 800
Lily  10011 13579 1300
Sam   10012 86420 500
Tina  10013 24680 900
Mark  10014 19283 400
Anna  10015 37465 1100
Ryan  10016 58273 700
Sophie 10017 91827 2200
David 10018 10293 1350
Ella  10019 29384 550
John  10020 10203 1650
Kate  10021 47382 950
Leo   10022 38475 850
Grace 10023 67584 1700
Mia   10024 85673 1250
Oscar 10025 64829 950
Peter 10026 57684 490
Troy  10027 73829 620
Zoe   10028 19283 1150
Chad  10029 28476 300
Belle 10030 83746 730
